927759 1073749 28.2
936034 1096810 28.6
851973 1169981 16.8
879478 1190381 17.4
916024 1209027 23.5
869864 1189875 17.6
873924 1181177 17.8
893583 1172768 22.4
962973 1206673 28.4
945839 1152866 27.7
820888 1124543 22.6
825711 1133382 25.9
862550 1142822 14.8
832708 1179873 22.4
836777 1190979 21.9
854051 1201196 22.0
885062 1176308 16.9
911256 1165460 23.8
928454 1158581 27.7
872891 1137149 17.0
886120 1130270 20.6
900673 1119422 24.4
937979 1133181 28.7
920252 1137943 27.1
902789 1142970 25.7
888766 1150643 20.6
877125 1156993 16.7
854900 1185039 15.7
871833 1122597 13.7
887443 1109368 24.4
897498 1099049 24.7
936127 1183187 28.5
914960 1197474 24.1
901731 1185833 22.2
894322 1203295 21.2
872097 1204089 16.9
823149 1190331 15.2
823679 1166253 16.2
836471 1162214 13.3
847583 1161619 16.0
855521 1161421 16.9
863260 1161024 16.4
840837 1170350 14.8 
847187 1170350 15.9
857902 1169755 16.8
863459 1169358 16.8
869412 1169160 16.9
845401 1177891 14.9
851552 1178288 16.9
857704 1177891 16.6
864649 1176899 16.9
868816 1176700 16.4
846591 1185829 15.3
851354 1183646 16.6
860085 1183050 16.7
865840 1182455 16.7
883042 1181046 17.9
876163 1168451 16.9
881560 1162842 21.6
890133 1170568 21.0
882936 1169510 17.7
892355 1182104 20.2
886958 1184962 22.3
888228 1190782 21.1
893414 1197027 21.8
914263 1190465 24.4
913840 1179564 25.0
910876 1168981 24.2
903045 1170568 19.7
896271 1159032 19.7
900293 1153846 24.1
905267 1153106 26.3
906960 1158926 27.7
916909 1162525 26.0
919978 1171521 28.1
897965 1148343 24.6
896589 1143898 23.2
893202 1138924 24.4
887275 1142205 24.1
885476 1150460 24.7
875951 1149401 18.4
862510 1153529 14.7
872353 1155593 15.5
870289 1130669 14.8
869019 1122573 13.6
867273 1114953 14.4
868543 1138606 13.4
835364 1185597 20.9
829808 1172261 20.1
881635 1121853 22.0
887138 1121853 23.3
893065 1130320 20.1
898145 1129685 23.2
881000 1130955 22.4
881211 1139421 20.5
872533 1141326 16.4
882058 1146406 24.1
881846 1155508 23.7
890313 1155508 25.4
895605 1161435 20.5
898991 1170325 21.0
884810 1198900 19.7
880365 1207578 17.9
864701 1205461 21.8
855388 1192550 16.3
850519 1190010 14.5
861314 1190010 16.0
877401 1194455 17.7
868723 1194243 16.0
858351 1195725 16.3
853483 1195725 16.1
865759 1200381 15.9
892641 1207366 20.4
901108 1207155 21.4
911056 1206520 23.4
909575 1196783 25.3
898780 1197206 21.9
876025 1109669 19.4
882971 1098424 21.1
871726 1098755 21.5
893737 1175623 21.8
903103 1175861 23.8
907548 1180306 24.3
899055 1181179 20.7
876592 1175718 18.0
896594 1189688 21.8
905167 1189053 23.3
900404 1136983 24.1
902468 1158414 24.1
890244 1161589 24.2
871829 1161431 17.7
877227 1122061 17.7
878285 1112112 19.1
872358 1113806 17.9
875110 1188947 18.3